0.00000
0.06283
0.12566
0.18850
0.25133
0.31416
0.37699
0.43982
0.50265
0.56549
0.62832
0.69115
0.75398
0.81681
0.87965
0.94248
1.00531
1.06814
1.13097
1.19381
1.25664
1.31947
1.38230
1.44513
1.50796
1.57080
1.63363
1.69646
1.75929
1.82212
1.88496
1.94779
2.01062
2.07345
2.13628
2.19911
2.26195
2.32478
2.38761
2.45044
2.51327
2.57611
2.63894
2.70177
2.76460
2.82743
2.89026
2.95310
3.01593
3.07876
3.14159
3.20443
3.26726
3.33009
3.39292
3.45575
3.51858
3.58142
3.64425
3.70708
3.76991
3.83274
3.89558
3.95841
4.02124
4.08407
4.14690
4.20973
4.27257
4.33540
4.39823
4.46106
4.52389
4.58673
4.64956
4.71239
4.77522
4.83805
4.90088
4.96372
5.02655
5.08938
5.15221
5.21504
5.27788
5.34071
5.40354
5.46637
5.52920
5.59204
5.65487
5.71770
5.78053
5.84336
5.90619
5.96903
6.03186
6.09469
6.15752
6.22035
6.28318
6.34602
6.40885
6.47168
6.53451
6.59734
6.66018
6.72301
6.78584
6.84867
6.91150
6.97434
7.03717
7.10000
7.16283
7.22566
7.28850
7.35133
7.41416
7.47699
7.53982
7.60265
7.66549
7.72832
7.79115
7.85398
7.91681
7.97964
8.04248
8.10531
8.16814
8.23097
8.29381
8.35664
8.41947
8.48230
8.54513
8.60796
8.67080
8.73363
8.79646
8.85929
8.92212
8.98495
9.04779
9.11062
9.17345
9.23628
9.29911
9.36195
9.42478
9.48761
9.55044
9.61327
9.67610
9.73894
9.80177
9.86460
9.92743
9.99027
10.05310
10.11593
10.17876
10.24159
10.30442
10.36726
10.43009
10.49292
10.55575
10.61858
10.68141
10.74425
10.80708
10.86991
10.93274
10.99557
11.05841
11.12124
11.18407
11.24690
11.30973
11.37256
11.43540
11.49823
11.56106
11.62389
11.68672
11.74956
11.81239
11.87522
11.93805
12.00088
12.06372
12.12655
12.18938
12.25221
12.31504
12.37787
12.44071
12.50354
