0.89512
0.77825
1.18981
1.33673
1.37820
1.19729
1.36286
1.38548
1.49054
1.41755
1.90694
1.74149
1.98090
1.54687
1.72010
1.44169
1.60596
1.69396
1.92709
2.21889
2.03847
2.01670
2.32770
1.96256
2.17284
2.26106
2.50707
1.91973
2.11999
2.09999
1.79129
2.09964
2.22417
2.16306
1.94002
1.87634
1.73919
1.57797
2.02010
1.99470
1.85569
1.76235
1.50020
1.56742
1.28400
1.37184
1.63180
1.29364
1.09040
1.31652
1.12306
1.19271
0.93064
0.98936
0.60851
0.78645
0.91078
0.51002
0.69321
0.25803
0.44365
0.77590
0.13854
0.24406
0.18778
0.41391
0.48887
0.50000
0.22989
0.23315
0.19146
0.69717
0.14310
0.43056
0.15938
0.43544
0.53675
0.57257
0.27290
0.12788
0.62809
0.53321
0.67348
0.62671
0.84805
0.40103
0.83610
1.04346
0.85578
0.81458
0.96915
0.92653
0.80678
0.87574
1.25060
1.25257
1.47725
1.60354
1.21542
1.86269
1.84775
2.29730
1.81299
2.20811
1.49186
2.09202
1.82791
2.11406
1.88528
2.56623
2.31955
2.35254
2.26176
2.64936
2.80956
2.49940
3.07615
2.88610
2.85751
2.75602
2.79349
2.87625
2.61475
2.78966
2.84816
2.51136
2.65969
3.03009
3.00691
2.94842
2.93524
2.75522
2.69785
3.36168
2.73525
2.66650
2.75963
3.15627
3.16978
2.71695
2.70459
2.78390
2.83230
2.79318
2.69305
2.77026
2.58040
2.45905
2.63474
2.45960
2.34408
2.56353
2.47919
2.22621
2.49433
2.17148
1.99488
1.99596
2.04555
1.94120
1.91985
1.74100
1.86519
1.89275
2.02912
1.81327
1.93213
1.87109
2.35703
1.79013
1.64149
1.61410
1.62792
1.80873
1.82915
2.13090
1.79202
2.01508
1.91143
1.82506
2.20451
1.99124
2.42828
2.63429
2.24315
2.20990
2.49096
2.34949
2.58379
2.82036
2.76530
2.58806
2.86310
3.24639
2.84670
3.08073
3.14483
2.97002
3.40506
3.61737
